Y	VEL
0	-9.13E-18
0.001	-0.00057517
0.002	-0.0011503
0.003	-0.0017255
0.004	-0.0023007
0.005	-0.0028759
0.006	-0.003451
0.007	-0.0040262
0.008	-0.0046014
0.009	-0.0051766
0.01	-0.0057517
0.011	-0.0063269
0.012	-0.0069021
0.013	-0.0074773
0.014	-0.0080524
0.015	-0.0086276
0.016	-0.0092028
0.017	-0.009778
0.018	-0.010353
0.019	-0.010928
0.02	-0.011503
0.021	-0.012079
0.022	-0.012654
0.023	-0.013229
0.024	-0.013804
0.025	-0.014379
0.026	-0.014955
0.027	-0.01553
0.028	-0.016105
0.029	-0.01668
0.03	-0.017255
0.031	-0.01783
0.032	-0.018406
0.033	-0.018981
0.034	-0.019556
0.035	-0.020131
0.036	-0.020706
0.037	-0.021281
0.038	-0.021857
0.039	-0.022432
0.04	-0.023007
0.041	-0.023582
0.042	-0.024157
0.043	-0.024733
0.044	-0.025308
0.045	-0.025883
0.046	-0.026458
0.047	-0.027033
0.048	-0.027608
0.049	-0.028184
0.05	-0.028759
0.051	-0.029334
0.052	-0.029909
0.053	-0.030484
0.054	-0.031059
0.055	-0.031635
0.056	-0.03221
0.057	-0.032785
0.058	-0.03336
0.059	-0.033935
0.06	-0.03451
0.061	-0.035086
0.062	-0.035661
0.063	-0.036236
0.064	-0.036811
0.065	-0.037386
0.066	-0.037962
0.067	-0.038537
0.068	-0.039112
0.069	-0.039687
0.07	-0.040262
0.071	-0.040837
0.072	-0.041413
0.073	-0.041988
0.074	-0.042563
0.075	-0.043138
0.076	-0.043713
0.077	-0.044288
0.078	-0.044864
0.079	-0.045439
0.08	-0.046014
0.081	-0.046589
0.082	-0.047164
0.083	-0.047739
0.084	-0.048315
0.085	-0.048834
0.086	-0.049323
0.087	-0.049812
0.088	-0.050301
0.089	-0.05079
0.09	-0.051279
0.091	-0.051768
0.092	-0.052257
0.093	-0.052746
0.094	-0.053235
0.095	-0.053724
0.096	-0.054213
0.097	-0.054702
0.098	-0.055191
0.099	-0.05568
0.1	-0.056169
0.101	-0.056658
0.102	-0.057147
0.103	-0.057636
0.104	-0.058125
0.105	-0.058614
0.106	-0.059103
0.107	-0.059592
0.108	-0.060081
0.109	-0.06057
0.11	-0.061059
0.111	-0.061548
0.112	-0.062037
0.113	-0.062526
0.114	-0.063015
0.115	-0.063504
0.116	-0.063993
0.117	-0.064482
0.118	-0.064971
0.119	-0.06546
0.12	-0.065949
0.121	-0.066438
0.122	-0.066928
0.123	-0.067417
0.124	-0.067892
0.125	-0.068342
0.126	-0.068793
0.127	-0.069244
0.128	-0.069694
0.129	-0.070145
0.13	-0.070595
0.131	-0.071046
0.132	-0.071497
0.133	-0.071947
0.134	-0.072398
0.135	-0.072849
0.136	-0.073299
0.137	-0.07375
0.138	-0.074201
0.139	-0.074651
0.14	-0.075102
0.141	-0.075552
0.142	-0.076003
0.143	-0.076454
0.144	-0.076904
0.145	-0.077355
0.146	-0.077806
0.147	-0.078256
0.148	-0.078707
0.149	-0.079157
0.15	-0.079608
0.151	-0.080059
0.152	-0.080509
0.153	-0.08096
0.154	-0.081411
0.155	-0.081858
0.156	-0.082248
0.157	-0.082638
0.158	-0.083028
0.159	-0.083418
0.16	-0.083808
0.161	-0.084198
0.162	-0.084588
0.163	-0.084978
0.164	-0.085369
0.165	-0.085759
0.166	-0.086149
0.167	-0.086539
0.168	-0.086929
0.169	-0.087319
0.17	-0.087709
0.171	-0.088099
0.172	-0.088489
0.173	-0.088879
0.174	-0.08927
0.175	-0.08966
0.176	-0.09005
0.177	-0.09044
0.178	-0.09083
0.179	-0.09122
0.18	-0.09161
0.181	-0.092
0.182	-0.09239
0.183	-0.092801
0.184	-0.093233
0.185	-0.093665
0.186	-0.094097
0.187	-0.094528
0.188	-0.09496
0.189	-0.095392
0.19	-0.095824
0.191	-0.096256
0.192	-0.096688
0.193	-0.097119
0.194	-0.097551
0.195	-0.097983
0.196	-0.098415
0.197	-0.098847
0.198	-0.099279
0.199	-0.09971
0.2	-0.10014
0.201	-0.10057
0.202	-0.10101
0.203	-0.10144
0.204	-0.10187
0.205	-0.1023
0.206	-0.10273
0.207	-0.10316
0.208	-0.1036
0.209	-0.10403
0.21	-0.10446
0.211	-0.10489
0.212	-0.10532
0.213	-0.10576
0.214	-0.10619
0.215	-0.10662
0.216	-0.10705
0.217	-0.10748
0.218	-0.10792
0.219	-0.10835
0.22	-0.10878
0.221	-0.10921
0.222	-0.10964
0.223	-0.11007
0.224	-0.11051
0.225	-0.11094
0.226	-0.11137
0.227	-0.1118
0.228	-0.11223
0.229	-0.11267
0.23	-0.1131
0.231	-0.11353
0.232	-0.11396
0.233	-0.11439
0.234	-0.11482
0.235	-0.11526
0.236	-0.11569
0.237	-0.11612
0.238	-0.11655
0.239	-0.11698
0.24	-0.11742
0.241	-0.11785
0.242	-0.11828
0.243	-0.11871
0.244	-0.11914
0.245	-0.11957
0.246	-0.12001
0.247	-0.12044
0.248	-0.12087
0.249	-0.12127
0.25	-0.12165
0.251	-0.12203
0.252	-0.12242
0.253	-0.12284
0.254	-0.12325
0.255	-0.12366
0.256	-0.12407
0.257	-0.12448
0.258	-0.12489
0.259	-0.1253
0.26	-0.12571
0.261	-0.12612
0.262	-0.12649
0.263	-0.12687
0.264	-0.12724
0.265	-0.12762
0.266	-0.12799
0.267	-0.12837
0.268	-0.12874
0.269	-0.12912
0.27	-0.1295
0.271	-0.12987
0.272	-0.13025
0.273	-0.13062
0.274	-0.131
0.275	-0.13137
0.276	-0.13175
0.277	-0.13212
0.278	-0.1325
0.279	-0.13287
0.28	-0.13325
0.281	-0.13363
0.282	-0.134
0.283	-0.13438
0.284	-0.13475
0.285	-0.13513
0.286	-0.1355
0.287	-0.13588
0.288	-0.13625
0.289	-0.13663
0.29	-0.137
0.291	-0.13738
0.292	-0.13776
0.293	-0.13813
0.294	-0.13851
0.295	-0.13888
0.296	-0.13926
0.297	-0.13963
0.298	-0.14001
0.299	-0.14038
0.3	-0.14076
0.301	-0.14113
0.302	-0.14151
0.303	-0.14189
0.304	-0.14226
0.305	-0.14264
0.306	-0.14301
0.307	-0.14339
0.308	-0.14376
0.309	-0.14414
0.31	-0.14451
0.311	-0.14489
0.312	-0.14526
0.313	-0.14564
0.314	-0.14602
0.315	-0.14639
0.316	-0.14677
0.317	-0.14717
0.318	-0.14756
0.319	-0.14796
0.32	-0.14835
0.321	-0.14875
0.322	-0.14914
0.323	-0.14954
0.324	-0.14993
0.325	-0.15033
0.326	-0.15072
0.327	-0.15111
0.328	-0.15151
0.329	-0.1519
0.33	-0.1523
0.331	-0.15269
0.332	-0.15309
0.333	-0.15348
0.334	-0.15388
0.335	-0.15427
0.336	-0.15467
0.337	-0.15506
0.338	-0.15546
0.339	-0.15585
0.34	-0.15625
0.341	-0.15664
0.342	-0.15703
0.343	-0.15737
0.344	-0.15772
0.345	-0.15807
0.346	-0.15842
0.347	-0.15877
0.348	-0.15912
0.349	-0.15947
0.35	-0.15982
0.351	-0.16017
0.352	-0.16052
0.353	-0.16087
0.354	-0.16122
0.355	-0.16157
0.356	-0.16192
0.357	-0.16227
0.358	-0.16262
0.359	-0.16297
0.36	-0.16332
0.361	-0.16367
0.362	-0.16401
0.363	-0.16436
0.364	-0.16471
0.365	-0.16506
0.366	-0.16541
0.367	-0.16576
0.368	-0.16611
0.369	-0.16646
0.37	-0.16681
0.371	-0.16716
0.372	-0.16751
0.373	-0.16786
0.374	-0.16821
0.375	-0.16856
0.376	-0.16891
0.377	-0.16926
0.378	-0.1696
0.379	-0.16995
0.38	-0.1703
0.381	-0.17065
0.382	-0.171
0.383	-0.17135
0.384	-0.1717
0.385	-0.17205
0.386	-0.1724
0.387	-0.17275
0.388	-0.1731
0.389	-0.17344
0.39	-0.17379
0.391	-0.17414
0.392	-0.17449
0.393	-0.17484
0.394	-0.17519
0.395	-0.17554
0.396	-0.17589
0.397	-0.17624
0.398	-0.17659
0.399	-0.17693
0.4	-0.17728
0.401	-0.17763
0.402	-0.17798
0.403	-0.17833
0.404	-0.17868
0.405	-0.17903
0.406	-0.17938
0.407	-0.17973
0.408	-0.18008
0.409	-0.18043
0.41	-0.18077
0.411	-0.18112
0.412	-0.18147
0.413	-0.18182
0.414	-0.18217
0.415	-0.18252
0.416	-0.18287
0.417	-0.18322
0.418	-0.18357
0.419	-0.18392
0.42	-0.18426
0.421	-0.18461
0.422	-0.18492
0.423	-0.18523
0.424	-0.18553
0.425	-0.18584
0.426	-0.18615
0.427	-0.18646
0.428	-0.18676
0.429	-0.18707
0.43	-0.18738
0.431	-0.18765
0.432	-0.18792
0.433	-0.18819
0.434	-0.18846
0.435	-0.18873
0.436	-0.189
0.437	-0.18925
0.438	-0.18947
0.439	-0.1897
0.44	-0.18992
0.441	-0.19014
0.442	-0.19037
0.443	-0.19059
0.444	-0.19081
0.445	-0.19104
0.446	-0.19126
0.447	-0.19148
0.448	-0.1917
0.449	-0.19193
0.45	-0.19215
0.451	-0.19237
0.452	-0.1926
0.453	-0.19282
0.454	-0.19304
0.455	-0.19327
0.456	-0.19349
0.457	-0.19371
0.458	-0.19393
0.459	-0.19416
0.46	-0.19438
0.461	-0.1946
0.462	-0.19483
0.463	-0.19505
0.464	-0.19527
0.465	-0.19549
0.466	-0.19572
0.467	-0.19594
0.468	-0.19616
0.469	-0.19639
0.47	-0.19661
0.471	-0.19683
0.472	-0.19706
0.473	-0.19728
0.474	-0.1975
0.475	-0.19772
0.476	-0.19795
0.477	-0.19817
0.478	-0.19839
0.479	-0.19862
0.48	-0.19884
0.481	-0.19906
0.482	-0.19922
0.483	-0.19935
0.484	-0.19948
0.485	-0.19961
0.486	-0.19974
0.487	-0.19987
0.488	-0.2
0.489	-0.20014
0.49	-0.20027
0.491	-0.2004
0.492	-0.20053
0.493	-0.20066
0.494	-0.20079
0.495	-0.20092
0.496	-0.20105
0.497	-0.20119
0.498	-0.20132
0.499	-0.20145
0.5	-0.20158
0.501	-0.20171
0.502	-0.20184
0.503	-0.20197
0.504	-0.2021
0.505	-0.20224
0.506	-0.20237
0.507	-0.2025
0.508	-0.20263
0.509	-0.20276
0.51	-0.20289
0.511	-0.20302
0.512	-0.20315
0.513	-0.20329
0.514	-0.20342
0.515	-0.20355
0.516	-0.20368
0.517	-0.20381
0.518	-0.20394
0.519	-0.20407
0.52	-0.2042
0.521	-0.20434
0.522	-0.20447
0.523	-0.2046
0.524	-0.20473
0.525	-0.20486
0.526	-0.20498
0.527	-0.20507
0.528	-0.20516
0.529	-0.20516
0.53	-0.2051
0.531	-0.20503
0.532	-0.20496
0.533	-0.20487
0.534	-0.20478
0.535	-0.20469
0.536	-0.2046
0.537	-0.20451
0.538	-0.20442
0.539	-0.20433
0.54	-0.20424
0.541	-0.20415
0.542	-0.20406
0.543	-0.20397
0.544	-0.20388
0.545	-0.20379
0.546	-0.2037
0.547	-0.20361
0.548	-0.20352
0.549	-0.20343
0.55	-0.20334
0.551	-0.20325
0.552	-0.20316
0.553	-0.20307
0.554	-0.20298
0.555	-0.20289
0.556	-0.2028
0.557	-0.20271
0.558	-0.20262
0.559	-0.20253
0.56	-0.20244
0.561	-0.20235
0.562	-0.20226
0.563	-0.20217
0.564	-0.20208
0.565	-0.20199
0.566	-0.2019
0.567	-0.20181
0.568	-0.20172
0.569	-0.20164
0.57	-0.20155
0.571	-0.20146
0.572	-0.20137
0.573	-0.20123
0.574	-0.20091
0.575	-0.2006
0.576	-0.20028
0.577	-0.19996
0.578	-0.19964
0.579	-0.19933
0.58	-0.19901
0.581	-0.19869
0.582	-0.19837
0.583	-0.19806
0.584	-0.19774
0.585	-0.19742
0.586	-0.19711
0.587	-0.19679
0.588	-0.19647
0.589	-0.19615
0.59	-0.19584
0.591	-0.19552
0.592	-0.1952
0.593	-0.19488
0.594	-0.19457
0.595	-0.19425
0.596	-0.19393
0.597	-0.19361
0.598	-0.1933
0.599	-0.19298
0.6	-0.19266
0.601	-0.19235
0.602	-0.19203
0.603	-0.19171
0.604	-0.19139
0.605	-0.19108
0.606	-0.19076
0.607	-0.19044
0.608	-0.19012
0.609	-0.18981
0.61	-0.18948
0.611	-0.18914
0.612	-0.18881
0.613	-0.18847
0.614	-0.18814
0.615	-0.18764
0.616	-0.18699
0.617	-0.18634
0.618	-0.18568
0.619	-0.18503
0.62	-0.18438
0.621	-0.18372
0.622	-0.18307
0.623	-0.18243
0.624	-0.18178
0.625	-0.18113
0.626	-0.18049
0.627	-0.17984
0.628	-0.17919
0.629	-0.17855
0.63	-0.1779
0.631	-0.17725
0.632	-0.17661
0.633	-0.17596
0.634	-0.17531
0.635	-0.17467
0.636	-0.17402
0.637	-0.17337
0.638	-0.17273
0.639	-0.17208
0.64	-0.17143
0.641	-0.17079
0.642	-0.17014
0.643	-0.16949
0.644	-0.16885
0.645	-0.1682
0.646	-0.16755
0.647	-0.16691
0.648	-0.16626
0.649	-0.16561
0.65	-0.16496
0.651	-0.16432
0.652	-0.16367
0.653	-0.16302
0.654	-0.16238
0.655	-0.16156
0.656	-0.16056
0.657	-0.15956
0.658	-0.15856
0.659	-0.15756
0.66	-0.15656
0.661	-0.15556
0.662	-0.15456
0.663	-0.15356
0.664	-0.15257
0.665	-0.15157
0.666	-0.15057
0.667	-0.14957
0.668	-0.14857
0.669	-0.14757
0.67	-0.14657
0.671	-0.14557
0.672	-0.14457
0.673	-0.14357
0.674	-0.14257
0.675	-0.14154
0.676	-0.14044
0.677	-0.13935
0.678	-0.13825
0.679	-0.13716
0.68	-0.13606
0.681	-0.13497
0.682	-0.13387
0.683	-0.13278
0.684	-0.13168
0.685	-0.13059
0.686	-0.12949
0.687	-0.1284
0.688	-0.1273
0.689	-0.12621
0.69	-0.12511
0.691	-0.12402
0.692	-0.12292
0.693	-0.12183
0.694	-0.12073
0.695	-0.11943
0.696	-0.11797
0.697	-0.11651
0.698	-0.11505
0.699	-0.11359
0.7	-0.11212
0.701	-0.11066
0.702	-0.1092
0.703	-0.10774
0.704	-0.10628
0.705	-0.10482
0.706	-0.10335
0.707	-0.10189
0.708	-0.10043
0.709	-0.098969
0.71	-0.097507
0.711	-0.096046
0.712	-0.094584
0.713	-0.093122
0.714	-0.091661
0.715	-0.090199
0.716	-0.088737
0.717	-0.087276
0.718	-0.085814
0.719	-0.084353
0.72	-0.082891
0.721	-0.081429
0.722	-0.079968
0.723	-0.078506
0.724	-0.076975
0.725	-0.075424
0.726	-0.07347
0.727	-0.071516
0.728	-0.069561
0.729	-0.067607
0.73	-0.06571
0.731	-0.063817
0.732	-0.061924
0.733	-0.060031
0.734	-0.058138
0.735	-0.056245
0.736	-0.054352
0.737	-0.05246
0.738	-0.050567
0.739	-0.048673
0.74	-0.046781
0.741	-0.044888
0.742	-0.042995
0.743	-0.041102
0.744	-0.039209
0.745	-0.037316
0.746	-0.035423
0.747	-0.03353
0.748	-0.031637
0.749	-0.029744
0.75	-0.027851
0.751	-0.025958
0.752	-0.024065
0.753	-0.022172
0.754	-0.020279
0.755	-0.018386
0.756	-0.016493
0.757	-0.014507
0.758	-0.012209
0.759	-0.0099105
0.76	-0.0076124
0.761	-0.0053143
0.762	-0.003016
0.763	-0.00071794
0.764	0.0015802
0.765	0.0038783
0.766	0.0061764
0.767	0.0084746
0.768	0.010773
0.769	0.013098
0.77	0.015512
0.771	0.017925
0.772	0.020338
0.773	0.022751
0.774	0.025164
0.775	0.027577
0.776	0.029991
0.777	0.032404
0.778	0.034817
0.779	0.03723
0.78	0.039643
0.781	0.042057
0.782	0.04447
0.783	0.046883
0.784	0.04953
0.785	0.052288
0.786	0.055046
0.787	0.057804
0.788	0.060562
0.789	0.06332
0.79	0.066078
0.791	0.068835
0.792	0.071593
0.793	0.074351
0.794	0.077109
0.795	0.079867
0.796	0.082625
0.797	0.085383
0.798	0.08814
0.799	0.090898
0.8	0.093683
0.801	0.096475
0.802	0.099267
0.803	0.10206
0.804	0.10485
0.805	0.10764
0.806	0.11054
0.807	0.11375
0.808	0.11695
0.809	0.12015
0.81	0.12336
0.811	0.12656
0.812	0.12976
0.813	0.13296
0.814	0.13617
0.815	0.13937
0.816	0.14253
0.817	0.14568
0.818	0.14884
0.819	0.15199
0.82	0.15515
0.821	0.1583
0.822	0.16146
0.823	0.16461
0.824	0.16776
0.825	0.17092
0.826	0.17407
0.827	0.17723
0.828	0.18038
0.829	0.18353
0.83	0.18669
0.831	0.19022
0.832	0.19377
0.833	0.19733
0.834	0.20088
0.835	0.20444
0.836	0.208
0.837	0.21157
0.838	0.21516
0.839	0.21874
0.84	0.22232
0.841	0.22591
0.842	0.22949
0.843	0.23308
0.844	0.23666
0.845	0.24024
0.846	0.24383
0.847	0.24741
0.848	0.251
0.849	0.25458
0.85	0.25816
0.851	0.26182
0.852	0.26576
0.853	0.26969
0.854	0.27363
0.855	0.27757
0.856	0.2815
0.857	0.28544
0.858	0.28937
0.859	0.29331
0.86	0.29725
0.861	0.30118
0.862	0.30512
0.863	0.30906
0.864	0.31299
0.865	0.31692
0.866	0.32086
0.867	0.32479
0.868	0.32872
0.869	0.33267
0.87	0.33692
0.871	0.34118
0.872	0.34543
0.873	0.34969
0.874	0.35395
0.875	0.3582
0.876	0.36246
0.877	0.36671
0.878	0.37097
0.879	0.3752
0.88	0.37942
0.881	0.38365
0.882	0.38787
0.883	0.39209
0.884	0.39632
0.885	0.40054
0.886	0.40482
0.887	0.40936
0.888	0.41389
0.889	0.41842
0.89	0.42295
0.891	0.42748
0.892	0.432
0.893	0.43651
0.894	0.44102
0.895	0.44553
0.896	0.45004
0.897	0.45455
0.898	0.45906
0.899	0.46357
0.9	0.46808
0.901	0.4726
0.902	0.47713
0.903	0.48193
0.904	0.48673
0.905	0.49152
0.906	0.49632
0.907	0.50112
0.908	0.50592
0.909	0.51072
0.91	0.51551
0.911	0.52031
0.912	0.52511
0.913	0.52991
0.914	0.53469
0.915	0.53946
0.916	0.54423
0.917	0.549
0.918	0.55386
0.919	0.55889
0.92	0.56392
0.921	0.56895
0.922	0.57398
0.923	0.57899
0.924	0.58401
0.925	0.58903
0.926	0.59405
0.927	0.59906
0.928	0.60408
0.929	0.6091
0.93	0.61411
0.931	0.61913
0.932	0.62415
0.933	0.62917
0.934	0.63434
0.935	0.63958
0.936	0.64482
0.937	0.65005
0.938	0.65529
0.939	0.66053
0.94	0.66577
0.941	0.671
0.942	0.67624
0.943	0.68148
0.944	0.68671
0.945	0.69195
0.946	0.6972
0.947	0.70257
0.948	0.70796
0.949	0.71334
0.95	0.71873
0.951	0.72411
0.952	0.72949
0.953	0.73488
0.954	0.74026
0.955	0.74564
0.956	0.75102
0.957	0.75641
0.958	0.76179
0.959	0.76732
0.96	0.77284
0.961	0.77837
0.962	0.7839
0.963	0.78942
0.964	0.79495
0.965	0.80047
0.966	0.806
0.967	0.81152
0.968	0.81705
0.969	0.82257
0.97	0.82816
0.971	0.83381
0.972	0.83945
0.973	0.8451
0.974	0.85075
0.975	0.85639
0.976	0.86204
0.977	0.86768
0.978	0.87332
0.979	0.87896
0.98	0.88459
0.981	0.89028
0.982	0.89601
0.983	0.90175
0.984	0.90749
0.985	0.91323
0.986	0.91897
0.987	0.9247
0.988	0.93044
0.989	0.93618
0.99	0.94192
0.991	0.94767
0.992	0.95349
0.993	0.9593
0.994	0.96512
0.995	0.97093
0.996	0.97674
0.997	0.98256
0.998	0.98837
0.999	0.99419
1	1
