-9.13E-18				
-0.00057517				
-0.0011503				
-0.0017255				
-0.0023007				
-0.0028759				
-0.003451				
-0.0040262				
-0.0046014				
-0.0051766				
-0.0057517				
-0.0063269				
-0.0069021				
-0.0074773				
-0.0080524				
-0.0086276				
-0.0092028				
-0.009778				
-0.010353				
-0.010928				
-0.011503				
-0.012079				
-0.012654				
-0.013229				
-0.013804				
-0.014379				
-0.014955				
-0.01553				
-0.016105				
-0.01668				
-0.017255				
-0.01783				
-0.018406				
-0.018981				
-0.019556				
-0.020131				
-0.020706				
-0.021281				
-0.021857				
-0.022432				
-0.023007				
-0.023582				
-0.024157				
-0.024733				
-0.025308				
-0.025883				
-0.026458				
-0.027033				
-0.027608				
-0.028184				
-0.028759				
-0.029334				
-0.029909				
-0.030484				
-0.031059				
-0.031635				
-0.03221				
-0.032785				
-0.03336				
-0.033935				
-0.03451				
-0.035086				
-0.035661				
-0.036236				
-0.036811				
-0.037386				
-0.037962				
-0.038537				
-0.039112				
-0.039687				
-0.040262				
-0.040837				
-0.041413				
-0.041988				
-0.042563				
-0.043138				
-0.043713				
-0.044288				
-0.044864				
-0.045439				
-0.046014				
-0.046589				
-0.047164				
-0.047739				
-0.048315				
-0.048834				
-0.049323				
-0.049812				
-0.050301				
-0.05079				
-0.051279				
-0.051768				
-0.052257				
-0.052746				
-0.053235				
-0.053724				
-0.054213				
-0.054702				
-0.055191				
-0.05568				
-0.056169				
-0.056658				
-0.057147				
-0.057636				
-0.058125				
-0.058614				
-0.059103				
-0.059592				
-0.060081				
-0.06057				
-0.061059				
-0.061548				
-0.062037				
-0.062526				
-0.063015				
-0.063504				
-0.063993				
-0.064482				
-0.064971				
-0.06546				
-0.065949				
-0.066438				
-0.066928				
-0.067417				
-0.067892				
-0.068342				
-0.068793				
-0.069244				
-0.069694				
-0.070145				
-0.070595				
-0.071046				
-0.071497				
-0.071947				
-0.072398				
-0.072849				
-0.073299				
-0.07375				
-0.074201				
-0.074651				
-0.075102				
-0.075552				
-0.076003				
-0.076454				
-0.076904				
-0.077355				
-0.077806				
-0.078256				
-0.078707				
-0.079157				
-0.079608				
-0.080059				
-0.080509				
-0.08096				
-0.081411				
-0.081858				
-0.082248				
-0.082638				
-0.083028				
-0.083418				
-0.083808				
-0.084198				
-0.084588				
-0.084978				
-0.085369				
-0.085759				
-0.086149				
-0.086539				
-0.086929				
-0.087319				
-0.087709				
-0.088099				
-0.088489				
-0.088879				
-0.08927				
-0.08966				
-0.09005				
-0.09044				
-0.09083				
-0.09122				
-0.09161				
-0.092				
-0.09239				
-0.092801				
-0.093233				
-0.093665				
-0.094097				
-0.094528				
-0.09496				
-0.095392				
-0.095824				
-0.096256				
-0.096688				
-0.097119				
-0.097551				
-0.097983				
-0.098415				
-0.098847				
-0.099279				
-0.09971				
-0.10014				
-0.10057				
-0.10101				
-0.10144				
-0.10187				
-0.1023				
-0.10273				
-0.10316				
-0.1036				
-0.10403				
-0.10446				
-0.10489				
-0.10532				
-0.10576				
-0.10619				
-0.10662				
-0.10705				
-0.10748				
-0.10792				
-0.10835				
-0.10878				
-0.10921				
-0.10964				
-0.11007				
-0.11051				
-0.11094				
-0.11137				
-0.1118				
-0.11223				
-0.11267				
-0.1131				
-0.11353				
-0.11396				
-0.11439				
-0.11482				
-0.11526				
-0.11569				
-0.11612				
-0.11655				
-0.11698				
-0.11742				
-0.11785				
-0.11828				
-0.11871				
-0.11914				
-0.11957				
-0.12001				
-0.12044				
-0.12087				
-0.12127				
-0.12165				
-0.12203				
-0.12242				
-0.12284				
-0.12325				
-0.12366				
-0.12407				
-0.12448				
-0.12489				
-0.1253				
-0.12571				
-0.12612				
-0.12649				
-0.12687				
-0.12724				
-0.12762				
-0.12799				
-0.12837				
-0.12874				
-0.12912				
-0.1295				
-0.12987				
-0.13025				
-0.13062				
-0.131				
-0.13137				
-0.13175				
-0.13212				
-0.1325				
-0.13287				
-0.13325				
-0.13363				
-0.134				
-0.13438				
-0.13475				
-0.13513				
-0.1355				
-0.13588				
-0.13625				
-0.13663				
-0.137				
-0.13738				
-0.13776				
-0.13813				
-0.13851				
-0.13888				
-0.13926				
-0.13963				
-0.14001				
-0.14038				
-0.14076				
-0.14113				
-0.14151				
-0.14189				
-0.14226				
-0.14264				
-0.14301				
-0.14339				
-0.14376				
-0.14414				
-0.14451				
-0.14489				
-0.14526				
-0.14564				
-0.14602				
-0.14639				
-0.14677				
-0.14717				
-0.14756				
-0.14796				
-0.14835				
-0.14875				
-0.14914				
-0.14954				
-0.14993				
-0.15033				
-0.15072				
-0.15111				
-0.15151				
-0.1519				
-0.1523				
-0.15269				
-0.15309				
-0.15348				
-0.15388				
-0.15427				
-0.15467				
-0.15506				
-0.15546				
-0.15585				
-0.15625				
-0.15664				
-0.15703				
-0.15737				
-0.15772				
-0.15807				
-0.15842				
-0.15877				
-0.15912				
-0.15947				
-0.15982				
-0.16017				
-0.16052				
-0.16087				
-0.16122				
-0.16157				
-0.16192				
-0.16227				
-0.16262				
-0.16297				
-0.16332				
-0.16367				
-0.16401				
-0.16436				
-0.16471				
-0.16506				
-0.16541				
-0.16576				
-0.16611				
-0.16646				
-0.16681				
-0.16716				
-0.16751				
-0.16786				
-0.16821				
-0.16856				
-0.16891				
-0.16926				
-0.1696				
-0.16995				
-0.1703				
-0.17065				
-0.171				
-0.17135				
-0.1717				
-0.17205				
-0.1724				
-0.17275				
-0.1731				
-0.17344				
-0.17379				
-0.17414				
-0.17449				
-0.17484				
-0.17519				
-0.17554				
-0.17589				
-0.17624				
-0.17659				
-0.17693				
-0.17728				
-0.17763				
-0.17798				
-0.17833				
-0.17868				
-0.17903				
-0.17938				
-0.17973				
-0.18008				
-0.18043				
-0.18077				
-0.18112				
-0.18147				
-0.18182				
-0.18217				
-0.18252				
-0.18287				
-0.18322				
-0.18357				
-0.18392				
-0.18426				
-0.18461				
-0.18492				
-0.18523				
-0.18553				
-0.18584				
-0.18615				
-0.18646				
-0.18676				
-0.18707				
-0.18738				
-0.18765				
-0.18792				
-0.18819				
-0.18846				
-0.18873				
-0.189				
-0.18925				
-0.18947				
-0.1897				
-0.18992				
-0.19014				
-0.19037				
-0.19059				
-0.19081				
-0.19104				
-0.19126				
-0.19148				
-0.1917				
-0.19193				
-0.19215				
-0.19237				
-0.1926				
-0.19282				
-0.19304				
-0.19327				
-0.19349				
-0.19371				
-0.19393				
-0.19416				
-0.19438				
-0.1946				
-0.19483				
-0.19505				
-0.19527				
-0.19549				
-0.19572				
-0.19594				
-0.19616				
-0.19639				
-0.19661				
-0.19683				
-0.19706				
-0.19728				
-0.1975				
-0.19772				
-0.19795				
-0.19817				
-0.19839				
-0.19862				
-0.19884				
-0.19906				
-0.19922				
-0.19935				
-0.19948				
-0.19961				
-0.19974				
-0.19987				
-0.2				
-0.20014				
-0.20027				
-0.2004				
-0.20053				
-0.20066				
-0.20079				
-0.20092				
-0.20105				
-0.20119				
-0.20132				
-0.20145				
-0.20158				
-0.20171				
-0.20184				
-0.20197				
-0.2021				
-0.20224				
-0.20237				
-0.2025				
-0.20263				
-0.20276				
-0.20289				
-0.20302				
-0.20315				
-0.20329				
-0.20342				
-0.20355				
-0.20368				
-0.20381				
-0.20394				
-0.20407				
-0.2042				
-0.20434				
-0.20447				
-0.2046				
-0.20473				
-0.20486				
-0.20498				
-0.20507				
-0.20516				
-0.20516				
-0.2051				
-0.20503				
-0.20496				
-0.20487				
-0.20478				
-0.20469				
-0.2046				
-0.20451				
-0.20442				
-0.20433				
-0.20424				
-0.20415				
-0.20406				
-0.20397				
-0.20388				
-0.20379				
-0.2037				
-0.20361				
-0.20352				
-0.20343				
-0.20334				
-0.20325				
-0.20316				
-0.20307				
-0.20298				
-0.20289				
-0.2028				
-0.20271				
-0.20262				
-0.20253				
-0.20244				
-0.20235				
-0.20226				
-0.20217				
-0.20208				
-0.20199				
-0.2019				
-0.20181				
-0.20172				
-0.20164				
-0.20155				
-0.20146				
-0.20137				
-0.20123				
-0.20091				
-0.2006				
-0.20028				
-0.19996				
-0.19964				
-0.19933				
-0.19901				
-0.19869				
-0.19837				
-0.19806				
-0.19774				
-0.19742				
-0.19711				
-0.19679				
-0.19647				
-0.19615				
-0.19584				
-0.19552				
-0.1952				
-0.19488				
-0.19457				
-0.19425				
-0.19393				
-0.19361				
-0.1933				
-0.19298				
-0.19266				
-0.19235				
-0.19203				
-0.19171				
-0.19139				
-0.19108				
-0.19076				
-0.19044				
-0.19012				
-0.18981				
-0.18948				
-0.18914				
-0.18881				
-0.18847				
-0.18814				
-0.18764				
-0.18699				
-0.18634				
-0.18568				
-0.18503				
-0.18438				
-0.18372				
-0.18307				
-0.18243				
-0.18178				
-0.18113				
-0.18049				
-0.17984				
-0.17919				
-0.17855				
-0.1779				
-0.17725				
-0.17661				
-0.17596				
-0.17531				
-0.17467				
-0.17402				
-0.17337				
-0.17273				
-0.17208				
-0.17143				
-0.17079				
-0.17014				
-0.16949				
-0.16885				
-0.1682				
-0.16755				
-0.16691				
-0.16626				
-0.16561				
-0.16496				
-0.16432				
-0.16367				
-0.16302				
-0.16238				
-0.16156				
-0.16056				
-0.15956				
-0.15856				
-0.15756				
-0.15656				
-0.15556				
-0.15456				
-0.15356				
-0.15257				
-0.15157				
-0.15057				
-0.14957				
-0.14857				
-0.14757				
-0.14657				
-0.14557				
-0.14457				
-0.14357				
-0.14257				
-0.14154				
-0.14044				
-0.13935				
-0.13825				
-0.13716				
-0.13606				
-0.13497				
-0.13387				
-0.13278				
-0.13168				
-0.13059				
-0.12949				
-0.1284				
-0.1273				
-0.12621				
-0.12511				
-0.12402				
-0.12292				
-0.12183				
-0.12073				
-0.11943				
-0.11797				
-0.11651				
-0.11505				
-0.11359				
-0.11212				
-0.11066				
-0.1092				
-0.10774				
-0.10628				
-0.10482				
-0.10335				
-0.10189				
-0.10043				
-0.098969				
-0.097507				
-0.096046				
-0.094584				
-0.093122				
-0.091661				
-0.090199				
-0.088737				
-0.087276				
-0.085814				
-0.084353				
-0.082891				
-0.081429				
-0.079968				
-0.078506				
-0.076975				
-0.075424				
-0.07347				
-0.071516				
-0.069561				
-0.067607				
-0.06571				
-0.063817				
-0.061924				
-0.060031				
-0.058138				
-0.056245				
-0.054352				
-0.05246				
-0.050567				
-0.048673				
-0.046781				
-0.044888				
-0.042995				
-0.041102				
-0.039209				
-0.037316				
-0.035423				
-0.03353				
-0.031637				
-0.029744				
-0.027851				
-0.025958				
-0.024065				
-0.022172				
-0.020279				
-0.018386				
-0.016493				
-0.014507				
-0.012209				
-0.0099105				
-0.0076124				
-0.0053143				
-0.003016				
-0.00071794				
0.0015802				
0.0038783				
0.0061764				
0.0084746				
0.010773				
0.013098				
0.015512				
0.017925				
0.020338				
0.022751				
0.025164				
0.027577				
0.029991				
0.032404				
0.034817				
0.03723				
0.039643				
0.042057				
0.04447				
0.046883				
0.04953				
0.052288				
0.055046				
0.057804				
0.060562				
0.06332				
0.066078				
0.068835				
0.071593				
0.074351				
0.077109				
0.079867				
0.082625				
0.085383				
0.08814				
0.090898				
0.093683				
0.096475				
0.099267				
0.10206				
0.10485				
0.10764				
0.11054				
0.11375				
0.11695				
0.12015				
0.12336				
0.12656				
0.12976				
0.13296				
0.13617				
0.13937				
0.14253				
0.14568				
0.14884				
0.15199				
0.15515				
0.1583				
0.16146				
0.16461				
0.16776				
0.17092				
0.17407				
0.17723				
0.18038				
0.18353				
0.18669				
0.19022				
0.19377				
0.19733				
0.20088				
0.20444				
0.208				
0.21157				
0.21516				
0.21874				
0.22232				
0.22591				
0.22949				
0.23308				
0.23666				
0.24024				
0.24383				
0.24741				
0.251				
0.25458				
0.25816				
0.26182				
0.26576				
0.26969				
0.27363				
0.27757				
0.2815				
0.28544				
0.28937				
0.29331				
0.29725				
0.30118				
0.30512				
0.30906				
0.31299				
0.31692				
0.32086				
0.32479				
0.32872				
0.33267				
0.33692				
0.34118				
0.34543				
0.34969				
0.35395				
0.3582				
0.36246				
0.36671				
0.37097				
0.3752				
0.37942				
0.38365				
0.38787				
0.39209				
0.39632				
0.40054				
0.40482				
0.40936				
0.41389				
0.41842				
0.42295				
0.42748				
0.432				
0.43651				
0.44102				
0.44553				
0.45004				
0.45455				
0.45906				
0.46357				
0.46808				
0.4726				
0.47713				
0.48193				
0.48673				
0.49152				
0.49632				
0.50112				
0.50592				
0.51072				
0.51551				
0.52031				
0.52511				
0.52991				
0.53469				
0.53946				
0.54423				
0.549				
0.55386				
0.55889				
0.56392				
0.56895				
0.57398				
0.57899				
0.58401				
0.58903				
0.59405				
0.59906				
0.60408				
0.6091				
0.61411				
0.61913				
0.62415				
0.62917				
0.63434				
0.63958				
0.64482				
0.65005				
0.65529				
0.66053				
0.66577				
0.671				
0.67624				
0.68148				
0.68671				
0.69195				
0.6972				
0.70257				
0.70796				
0.71334				
0.71873				
0.72411				
0.72949				
0.73488				
0.74026				
0.74564				
0.75102				
0.75641				
0.76179				
0.76732				
0.77284				
0.77837				
0.7839				
0.78942				
0.79495				
0.80047				
0.806				
0.81152				
0.81705				
0.82257				
0.82816				
0.83381				
0.83945				
0.8451				
0.85075				
0.85639				
0.86204				
0.86768				
0.87332				
0.87896				
0.88459				
0.89028				
0.89601				
0.90175				
0.90749				
0.91323				
0.91897				
0.9247				
0.93044				
0.93618				
0.94192				
0.94767				
0.95349				
0.9593				
0.96512				
0.97093				
0.97674				
0.98256				
0.98837				
0.99419				
1				
